sample output, with query string "methane"


+----------+--------------------------------------------------------------------------+-------------+-----------+------+--------+----------+----------+-----------+-----------+-----------+----------+------------+-------------+-------+---------+
|CASRN     |Name                                                                      |numCategories|numProducts|isSafe|isCancer|isDevToxin|isrepToxin|isEnvBioacc|isEnvDanger|isEnvGrnGas|isEnvOzone|isEnvPersist|ToxicityScore|isToxic|isUnknown|
+----------+--------------------------------------------------------------------------+-------------+-----------+------+--------+----------+----------+-----------+-----------+-----------+----------+------------+-------------+-------+---------+
|74-83-9   |bromomethane                                                              |13           |52         |0     |0       |1         |0         |0          |1          |0          |1         |0           |3            |1      |0        |
|75-71-8   |dichlorodifluoromethane                                                   |13           |859        |0     |0       |0         |0         |0          |0          |1          |1         |0           |2            |1      |0        |
|75-45-6   |chlorodifluoromethane                                                     |23           |624        |0     |0       |0         |0         |0          |0          |1          |1         |0           |2            |1      |0        |
|75-69-4   |trichlorofluoromethane                                                    |13           |466        |0     |0       |0         |0         |0          |0          |1          |1         |0           |2            |1      |0        |
|75-63-8   |bromotrifluoromethane                                                     |2            |208        |0     |0       |0         |0         |0          |0          |1          |1         |0           |2            |1      |0        |
|25646-71-3|n-(2-(4-amino-n-ethyl-m-toluidino)ethyl)methanesulphonamide sesquisulphate|6            |444        |0     |0       |0         |0         |0          |1          |0          |0         |0           |1            |1      |0        |
|75-52-5   |nitromethane                                                              |24           |237        |0     |1       |0         |0         |0          |0          |0          |0         |0           |1            |1      |0        |
|74-82-8   |methane                                                                   |18           |162        |0     |0       |0         |0         |0          |0          |1          |0         |0           |1            |1      |0        |
|353-59-3  |bromochlorodifluoromethane                                                |2            |93         |0     |0       |0         |0         |0          |0          |0          |1         |0           |1            |1      |0        |
|74-87-3   |chloromethane                                                             |16           |50         |0     |0       |1         |0         |0          |0          |0          |0         |0           |1            |1      |0        |
+----------+--------------------------------------------------------------------------+-------------+-----------+------+--------+----------+----------+-----------+-----------+-----------+----------+------------+-------------+-------+---------+
only showing top 10 rows
